10
129 33 99 82 123 98 84 38 48 75
0 5 5 5 5 10 82 67 60 74 75
5 0 7 0 0 11 78 63 56 70 71
5 7 0 7 7 5 85 70 63 77 78
5 0 7 0 0 11 78 63 56 70 71
5 0 7 0 0 11 78 63 56 70 71
10 11 5 11 11 0 88 74 67 81 81
82 78 85 78 78 88 0 15 22 10 7
67 63 70 63 63 74 15 0 7 7 10
60 56 63 56 56 67 22 7 0 14 15
74 70 77 70 70 81 10 7 14 0 7
75 71 78 71 71 81 7 10 15 7 0
1 3 2 4 7 6 5 8 9 10
4
