10
49 117 112 103 115 97 92 51 119 119
0 5 14 11 5 14 78 71 63 68 75
5 0 11 10 7 11 81 75 67 71 78
14 11 0 5 11 0 78 73 65 67 74
11 10 5 0 7 5 74 69 61 63 70
5 7 11 7 0 11 74 68 60 64 71
14 11 0 5 11 0 78 73 65 67 74
78 81 78 74 74 78 0 15 15 11 5
71 75 73 69 68 73 15 0 10 18 18
63 67 65 61 60 65 15 10 0 11 15
68 71 67 63 64 67 11 18 11 0 7
75 78 74 70 71 74 5 18 15 7 0
1 2 3 4 5 9 10 6 7 8
3
