15
11 30 0 18 42 3 74 95 107 109 108 122 98 120 123
0 4 4 4 5 4 32 28 29 30 14 12 12 11 14 13
4 0 5 3 5 2 28 25 25 27 18 15 15 15 17 16
4 5 0 2 1 3 30 27 28 29 15 14 14 13 16 15
4 3 2 0 3 1 29 25 26 28 17 15 15 14 17 16
5 5 1 3 0 4 30 26 27 29 16 15 14 14 17 16
4 2 3 1 4 0 28 25 25 27 18 15 15 15 18 16
32 28 30 29 30 28 0 4 4 4 45 43 43 42 45 44
28 25 27 25 26 25 4 0 4 5 42 40 39 39 42 40
29 25 28 26 27 25 4 4 0 2 42 40 40 39 42 41
30 27 29 28 29 27 4 5 2 0 44 42 42 41 44 42
14 18 15 17 16 18 45 42 42 44 0 5 3 4 3 5
12 15 14 15 15 15 43 40 40 42 5 0 2 1 3 1
12 15 14 15 14 15 43 39 40 42 3 2 0 1 3 3
11 15 13 14 14 15 42 39 39 41 4 1 1 0 3 2
14 17 16 17 17 18 45 42 42 44 3 3 3 3 0 2
13 16 15 16 16 16 44 40 41 42 5 1 3 2 2 0
1 2 4 5 9 7 8 13 11 10 14 12 15 3 6
2
